T:=[
    [ -1, -1, 1 ],
    [ -2, 0, 1 ],
    [ -3, 0, 1 ],
    [ -3, -1, 1 ],
    [ -4, -1, 1 ],
    [ -5, -1, 1 ],
    [ -6, 0, 1 ],
    [ -7, 0, 1 ],
    [ -7, -1, 1 ],
    [ -8, -1, 1 ],
    [ -9, -1, 1 ],
    [ -10, 0, 1 ],
    [ -10, -1, 1 ],
    [ -11, 0, 1 ],
    [ -13, -1, 1 ],
    [ -14, 0, 1 ],
    [ -14, -1, 1 ],
    [ -15, 0, 1 ],
    [ -15, -1, 1 ],
    [ -16, -1, 1 ],
    [ -17, -1, 1 ],
    [ -18, -1, 1 ],
    [ -19, 0, 1 ],
    [ -19, -1, 1 ],
    [ -21, -1, 1 ],
    [ -22, 0, 1 ],
    [ -22, -1, 1 ],
    [ -23, 0, 1 ],
    [ -23, -1, 1 ],
    [ -24, -1, 1 ],
    [ -25, -1, 1 ],
    [ -26, 0, 1 ],
    [ -26, -1, 1 ],
    [ -27, -1, 1 ],
    [ -28, -1, 1 ],
    [ -30, 0, 1 ],
    [ -31, 0, 1 ],
    [ -32, -1, 1 ],
    [ -33, -1, 1 ],
    [ -34, 0, 1 ],
    [ -34, -1, 1 ],
    [ -35, 0, 1 ],
    [ -35, -1, 1 ],
    [ -36, -1, 1 ],
    [ -37, -1, 1 ],
    [ -38, 0, 1 ],
    [ -39, 0, 1 ],
    [ -39, -1, 1 ],
    [ -40, -1, 1 ],
    [ -41, -1, 1 ],
    [ -42, 0, 1 ],
    [ -43, 0, 1 ],
    [ -43, -1, 1 ],
    [ -44, -1, 1 ],
    [ -45, -1, 1 ],
    [ -46, 0, 1 ],
    [ -46, -1, 1 ],
    [ -47, 0, 1 ],
    [ -48, -1, 1 ],
    [ -49, -1, 1 ],
    [ -50, -1, 1 ],
    [ -51, 0, 1 ],
    [ -51, -1, 1 ],
    [ -52, -1, 1 ],
    [ -53, -1, 1 ],
    [ -54, -1, 1 ],
    [ -55, 0, 1 ],
    [ -55, -1, 1 ],
    [ -57, -1, 1 ],
    [ -58, 0, 1 ],
    [ -58, -1, 1 ],
    [ -59, 0, 1 ],
    [ -59, -1, 1 ],
    [ -60, -1, 1 ],
    [ -62, 0, 1 ],
    [ -62, -1, 1 ],
    [ -63, -1, 1 ],
    [ -64, -1, 1 ],
    [ -66, 0, 1 ],
    [ -66, -1, 1 ],
    [ -67, 0, 1 ],
    [ -67, -1, 1 ],
    [ -68, -1, 1 ],
    [ -70, 0, 1 ],
    [ -70, -1, 1 ],
    [ -71, 0, 1 ],
    [ -71, -1, 1 ],
    [ -73, -1, 1 ],
    [ -74, 0, 1 ],
    [ -75, -1, 1 ],
    [ -76, -1, 1 ],
    [ -77, -1, 1 ],
    [ -78, 0, 1 ],
    [ -78, -1, 1 ],
    [ -79, 0, 1 ],
    [ -80, -1, 1 ],
    [ -82, 0, 1 ],
    [ -82, -1, 1 ],
    [ -83, 0, 1 ],
    [ -84, -1, 1 ],
    [ -85, -1, 1 ],
    [ -86, 0, 1 ],
    [ -86, -1, 1 ],
    [ -87, 0, 1 ],
    [ -88, -1, 1 ],
    [ -89, -1, 1 ],
    [ -91, 0, 1 ],
    [ -91, -1, 1 ],
    [ -94, 0, 1 ],
    [ -94, -1, 1 ],
    [ -95, 0, 1 ],
    [ -95, -1, 1 ],
    [ -96, -1, 1 ],
    [ -98, -1, 1 ],
    [ -100, -1, 1 ],
    [ -102, 0, 1 ],
    [ -102, -1, 1 ],
    [ -103, 0, 1 ],
    [ -103, -1, 1 ],
    [ -104, -1, 1 ],
    [ -106, 0, 1 ],
    [ -107, 0, 1 ],
    [ -107, -1, 1 ],
    [ -108, -1, 1 ],
    [ -109, -1, 1 ],
    [ -110, 0, 1 ],
    [ -111, 0, 1 ],
    [ -111, -1, 1 ],
    [ -112, -1, 1 ],
    [ -113, -1, 1 ],
    [ -114, 0, 1 ],
    [ -114, -1, 1 ],
    [ -115, 0, 1 ],
    [ -116, -1, 1 ],
    [ -117, -1, 1 ],
    [ -118, 0, 1 ],
    [ -118, -1, 1 ],
    [ -119, 0, 1 ],
    [ -120, -1, 1 ],
    [ -122, 0, 1 ],
    [ -122, -1, 1 ],
    [ -123, 0, 1 ],
    [ -124, -1, 1 ],
    [ -126, -1, 1 ],
    [ -127, 0, 1 ],
    [ -130, 0, 1 ],
    [ -130, -1, 1 ],
    [ -131, 0, 1 ],
    [ -134, 0, 1 ],
    [ -134, -1, 1 ],
    [ -136, -1, 1 ],
    [ -138, 0, 1 ],
    [ -138, -1, 1 ],
    [ -139, 0, 1 ],
    [ -140, -1, 1 ],
    [ -142, 0, 1 ],
    [ -143, 0, 1 ],
    [ -144, -1, 1 ],
    [ -146, 0, 1 ],
    [ -152, -1, 1 ],
    [ -154, 0, 1 ],
    [ -155, 0, 1 ],
    [ -158, 0, 1 ],
    [ -158, -1, 1 ],
    [ -159, 0, 1 ],
    [ -161, -1, 1 ],
    [ -162, -1, 1 ],
    [ -166, -1, 1 ],
    [ -167, 0, 1 ],
    [ -170, 0, 1 ],
    [ -170, -1, 1 ],
    [ -172, -1, 1 ],
    [ -174, 0, 1 ],
    [ -174, -1, 1 ],
    [ -176, -1, 1 ],
    [ -178, 0, 1 ],
    [ -178, -1, 1 ],
    [ -180, -1, 1 ],
    [ -182, 0, 1 ],
    [ -183, 0, 1 ],
    [ -184, -1, 1 ],
    [ -186, 0, 1 ],
    [ -186, -1, 1 ],
    [ -187, 0, 1 ],
    [ -188, -1, 1 ],
    [ -190, 0, 1 ],
    [ -190, -1, 1 ],
    [ -194, 0, 1 ],
    [ -194, -1, 1 ],
    [ -195, 0, 1 ],
    [ -196, -1, 1 ],
    [ -198, -1, 1 ],
    [ -203, 0, 1 ],
    [ -204, -1, 1 ],
    [ -210, 0, 1 ],
    [ -215, 0, 1 ],
    [ -219, 0, 1 ],
    [ -222, 0, 1 ],
    [ -223, 0, 1 ],
    [ -224, -1, 1 ]
];